Result: 8.000000
Result: 81.000000
Result: 15.000000
